10,15
10,245
10,255
10,13
10,259
10,285
10,151
10,5
11,25
11,16
11,5
46,4
46,3
46,2
11,28
11,19
9,5
46,1
46,0
44,4
44,3
8,13
8,7
8,14
8,5
8,8
8,15
44,2
44,1
44,0
43,3
43,2
43,1
43,0
40,3
40,2
40,1
40,0
39,3
39,2
39,1
39,0
38,3
38,2
38,1
38,0
20,3
20,2
20,1
19,3
19,2
19,1
12,3
12,2
12,1
11,24
11,23
11,20
11,15
11,14
11,9
11,4
11,3
11,2
11,1
18,1
10,246
10,238
10,194
10,172
10,132
10,30
10,28
18,3
14,1
10,20
10,3
10,2
14,3
10,1
9,7
9,6
9,4
9,3
9,2
13,1
9,1
8,16
8,11
8,9
8,6
8,4
8,3
13,3
8,2
8,1
3,3
3,2
3,1
